280 639
-577 639
-786 -122
-813 822
-222 578
-940 483
978 645
110 631
472 563
514 -190
596 765
964 224
159 -576
-283 -568
-135 873
876 -879
-64 704
701 -50
757 -212
282 183
-594 721
-163 -944
-323 828
-22 -481
-327 466
529 34
-791 -839
9 96
-694 -915
182 -904
-63 462
-890 -72
997 741
80 41
-921 368
381 -532
96 -321
659 997
139 414
-809 -633
-554 145
455 218
-311 562
-707 284
-890 903
907 792
470 -296
641 -206
853 578
-341 503
-600 458
-29 235
341 643
-257 321
287 -200
458 556
238 325
379 220
-408 619
809 869
5 -91
939 -390
820 200
100 -241