-668 -404
-304 311
-476 56
912 -225
-174 -57
982 181
-435 -685
-22 -866
-607 470
783 -826
-67 283
-809 -632
-824 -542
689 -917
-913 960
96 -336
-211 662
-330 -707
-644 -717
-848 -293
-633 -44
-610 893
671 344
-388 -708
-483 -751
203 419
650 889
326 742
-887 -968
555 855
-421 648
-657 13
257 257
-731 309
400 -882
644 706
-836 -698
355 724
209 470
980 -435
-361 54
-32 305
-23 856
-226 689
-393 738
839 231
-276 -365
-614 593
-897 40
-926 -450
-172 85
-221 -374
833 -682
371 231
533 665
-332 717
942 -375
-245 -707
-553 -716
-20 213
341 705
-120 -140
-555 921
424 92
-874 -263
556 943
568 -539
395 860