975 787
-348 218
180 -94
202 -296
-354 -36
-925 -293
-481 480
-145 -449
-622 -696
289 -770
907 347
-466 397
515 67
287 455
-184 -585
-529 688
517 272
286 622
189 23
45 857
-709 392
176 643
570 396
13 117
587 340
540 -460
785 -860
-951 933
164 -444
-928 -898
243 145
644 -611
796 696
-281 -275
-703 -645
242 -235
-162 449
-731 197
-238 -513
-962 -671
-805 385
-574 -420
-479 832
-306 -69
650 649
-817 -18
-233 118
-324 -364
-944 286
-406 992
-862 -866
-491 750
960 -133
615 -84
230 110
437 69
-308 799
-862 464
524 360
-272 -139
-631 158
346 509
-485 -901
-84 202
-958 -537
-658 -887
-829 -943
430 522
-669 -700
-337 -413
-137 -868
603 88