-831 -401
57 -469
-177 -143
544 -843
690 140
-140 830
-637 212
324 -898
320 550
266 -507
-302 -379
924 954
-574 -317
-743 849
287 414
-26 142
-486 -677
-182 -772
-764 -767
884 -766
-672 -856
-823 63
-238 -25
-158 464
903 -160
854 22
-652 325
701 -597
518 -591
772 161
355 -260
955 -770
-529 269
-910 445
-450 618
-346 -275
898 -700
946 -797
27 -510
937 -947
633 854
138 -484
989 111
561 104
-389 47
-87 227
387 443
-57 576
153 53
897 441
221 195
-389 839
358 -238
155 103
220 -760
464 311
646 -682
118 -961
195 -573
585 -606
-221 -679
27 585
-862 817
67 -180
-220 865
-913 -718
313 -585
-436 -78
-462 232
287 844
45 -159
448 -386
-513 -145
-992 -18
-375 -403
-875 -631