-502 554
347 -789
346 460
-315 -518
822 258
-816 23
195 327
772 -874
85 47
-90 233
866 261
-501 -619
-736 -490
436 579
-916 715
-968 -29
-943 711
571 464
172 -318
-786 -566
493 -786
892 -347
665 -797
784 151
-181 703
-745 -635
-424 178
275 497
-158 888
-641 124
-938 -167
-96 120
227 942
-683 757
-640 -859
31 -207
143 -547
675 -262
689 -943
109 911
702 -509
-815 743
898 826
495 376
-957 -907
606 764
643 -106
658 691
31 -364
903 175
-885 -291
-852 818
880 376
33 -257
211 -754
-696 760
-745 -862
211 546
391 -922
-833 -269
-312 -802
453 246
-835 -61
-412 -655
-801 388
754 -154
732 -412
-382 568
118 -663
-990 421
819 846
-729 -884
246 449
715 242
-575 -122
-99 981
64 -702
319 -709
-607 479
793 -806