-147 -758
389 -588
521 32
-402 -654
407 -202
980 -405
-866 642
-551 -96
825 532
-525 -252
-590 -917
-205 -14
-217 -803
568 338
785 735
761 -556
-38 -614
-872 938
36 26
885 -933
-425 -802
890 832
782 -105
992 527
402 -220
74 -687
134 160
-111 -514
-776 237
238 -686
220 908
-443 -86
14 865
67 -657
-766 798
-593 284
918 679
-781 -911
81 8
-247 -203
-413 -302
161 -611
45 -520
206 -225
969 540
-935 -667
-888 637
-764 549
-380 613
-399 764
-133 919
564 49
-339 -464
700 389
46 -497
-389 -862
-749 258
-973 -557
-401 105
-659 62
957 -571
-299 80
-707 740
723 -988
-588 631
900 824
-666 410
577 448
837 -751
-524 -759
60 -863
241 -744
-886 728
71 -543
928 -993
-409 -781
-558 272
-116 -468
-500 -500
-888 969
57 -227
253 270
-842 954
-349 -575