459 941
-949 539
835 970
-52 80
953 -467
-661 28
-710 317
-262 927
28 -37
308 -883
-450 -505
-29 -66
125 -366
566 -775
-1000 672
870 -213
-758 -541
932 -501
-173 -30
-176 314
260 641
-15 221
-112 326
-467 983
277 312
348 -817
-611 -853
873 -641
866 751
105 383
-475 -112
769 -237
-191 963
-852 690
-57 -592
-363 -475
-44 632
-442 446
-499 -754
-182 572
-614 104
-941 477
-651 821
706 621
-562 654
278 -478
748 786
738 231
726 -345
228 207
-710 -284
355 599
-473 -393
-556 -988
451 -806
-45 275
571 691
636 775
707 976
-28 550
299 975
-556 -688
671 822
6 -196
-672 -598
-531 203
-379 -923
-779 368
-18 252
-865 837
377 525
-296 -676
-943 631
-351 -746
-832 -275
231 758
-358 331
543 84
-593 165
740 419
929 57
930 778
191 -651
-661 -128
270 119
486 600
392 640
-613 -55