-387 -925
648 374
-266 -293
-320 -146
-217 668
-351 134
-683 89
106 88
-471 113
-841 -852
469 797
75 281
450 -271
126 549
165 437
-53 133
-819 315
646 582
-329 -95
867 923
271 -655
75 -508
-296 -100
730 -736
-224 -354
606 -99
83 757
370 433
611 219
276 118
226 749
-906 -264
409 842
563 811
-977 259
-113 152
857 -453
-508 38
-315 219
-163 526
-6 -986
-84 555
514 887
111 544
-438 -296
741 922
332 94
311 -62
-687 573
-294 -494
993 -719
-432 -552
690 853
-743 -895
-671 38
623 845
728 -259
41 -629
-905 152
-572 -727
977 -849
844 501
181 387
745 -361
-652 462
968 523
-913 439
-134 439
-93 -514
391 -606
-1000 592
20 476
238 753
-447 854
-594 -120
-235 312
-339 -499
-525 -894
-38 359
-29 124
-56 795
-381 -526
146 -904
655 -713
394 -119
625 -858
310 310
595 792
-590 -129
747 -505
-917 459
-330 548