-947 240
396 -509
979 -285
-571 417
-893 -795
-564 -945
-368 525
988 -54
745 -956
-758 928
-579 -772
-398 -848
475 -469
156 463
-677 671
572 828
-672 553
-311 363
-369 960
-43 828
88 -324
869 13
-494 277
-970 -164
170 236
-846 -828
-391 -323
-271 -747
-377 585
526 560
-473 859
-441 -233
-642 -155
8 -197
679 -870
-665 396
361 574
-348 -992
256 236
-613 -13
349 909
-97 576
598 -648
-315 851
-507 -10
713 236
-347 653
-478 239
63 721
989 -732
-774 -630
733 -734
-935 917
-538 -870
-401 -65
545 410
-681 511
-564 13
-967 -199
919 100
-199 -955
-374 838
328 -290
-848 -618
822 310
-395 -679
909 -2
-756 -290
-633 -255
613 -881
96 -429
680 -214
-208 809
111 232
841 -406
408 942
-652 -193
444 -769
-16 -949
-495 251
229 -831
-38 866
-659 956
524 759
607 -896
570 163
-449 885
-37 -625
512 475
-900 453
-643 -541
380 -536
-43 768
673 -98
-942 -853
-225 20