-354 398
-893 820
820 -350
-875 86
-380 -414
851 -227
690 753
840 46
-125 629
-969 -216
-267 879
401 340
537 440
183 184
705 688
686 -137
192 943
457 297
-306 352
-454 859
-545 -316
-128 721
-222 -649
897 -644
167 401
-996 -440
118 -917
349 288
-72 287
291 -568
-385 -368
-901 -815
881 943
-652 160
530 -708
-799 -34
-895 -135
177 -135
65 -821
-931 272
-242 -588
-778 -946
816 -352
65 342
302 -699
-357 438
377 492
257 -97
702 -109
-144 -250
-576 582
-446 31
-99 122
732 732
364 -507
73 201
329 -180
-148 -18
-12 614
840 231
-511 -944
-367 286
82 210
-994 -525
-652 -385
970 -338
586 336
-602 -883
871 313
676 639
671 -923
599 173
133 528
-587 -285
-663 928
-140 85
-747 -467
618 -527
948 765
-644 597
134 -976
206 881
516 -577
195 -802
413 -162
-678 471
-506 -547
326 441
-393 -481
842 305
39 -33
980 -850
-896 586
-178 278
-738 -75
366 697
630 308
-557 88
309 -736
638 636